%YAML:1.0
homography: !!opencv-matrix
   rows: 3
   cols: 3
   dt: d
   data: [ 2.6542696510286921e+00, -3.8748462058811696e-02,
       -1.9484664146274204e+02, 3.7847574148095325e-01,
       3.9878419590188252e+00, -1.0101517540126647e+03,
       1.5411979468199838e-03, 4.7046745676277903e-05, 1. ]
