<?xml version="1.0"?>
<opencv_storage>
<colores type_id="opencv-matrix">
  <rows>3</rows>
  <cols>3</cols>
  <dt>d</dt>
  <data>
    164. 175. 176. 5.7293886366437731e-313 9.9733802195624490e-313
    2.1729236899785769e-311 8.4879831732483365e-314
    2.1729236899484389e-311 4.2439915927999888e-314</data></colores>
</opencv_storage>
